% -------------------------------------------------------------------
%  Generated by MATLAB on 4-Jul-2020 00:52:09
%  MATLAB version: 9.0.0.341360 (R2016a)
% -------------------------------------------------------------------
                                   

position_of_RF = uint32( ...
  [6 6 6 6 6 6 6 6 6 6;
   12 12 12 12 12 12 12 12 12 12;
   18 18 18 18 18 18 18 18 18 18;
   24 24 24 24 24 24 24 24 24 24;
   30 30 30 30 30 30 30 30 30 30;
   36 36 36 36 36 36 36 36 36 36;
   42 42 42 42 42 42 42 42 42 42;
   48 48 48 48 48 48 48 48 48 48;
   54 54 54 54 54 54 54 54 54 54;
   60 60 60 60 60 60 60 60 60 60;
   66 66 66 66 66 66 66 66 66 66;
   72 72 72 72 72 72 72 72 72 72;
   291 291 291 291 291 291 291 291 291 291;
   297 297 297 297 297 297 297 297 297 297;
   303 303 303 303 303 303 303 303 303 303;
   309 309 309 309 309 309 309 309 309 309;
   315 315 315 315 315 315 315 315 315 315;
   321 321 321 321 321 321 321 321 321 321;
   327 327 327 327 327 327 327 327 327 327;
   333 333 333 333 333 333 333 333 333 333;
   339 339 339 339 339 339 339 339 339 339;
   345 345 345 345 345 345 345 345 345 345;
   351 351 351 351 351 351 351 351 351 351;
   357 357 357 357 357 357 357 357 357 357;
   510 510 510 510 510 510 510 510 510 510;
   516 516 516 516 516 516 516 516 516 516;
   522 522 522 522 522 522 522 522 522 522;
   528 528 528 528 528 528 528 528 528 528;
   534 534 534 534 534 534 534 534 534 534;
   540 540 540 540 540 540 540 540 540 540;
   546 546 546 546 546 546 546 546 546 546;
   552 552 552 552 552 552 552 552 552 552;
   558 558 558 558 558 558 558 558 558 558;
   564 564 564 564 564 564 564 564 564 564;
   570 570 570 570 570 570 570 570 570 570;
   576 576 576 576 576 576 576 576 576 576;
   795 795 795 795 795 795 795 795 795 795;
   801 801 801 801 801 801 801 801 801 801;
   807 807 807 807 807 807 807 807 807 807;
   813 813 813 813 813 813 813 813 813 813;
   819 819 819 819 819 819 819 819 819 819;
   825 825 825 825 825 825 825 825 825 825;
   831 831 831 831 831 831 831 831 831 831;
   837 837 837 837 837 837 837 837 837 837;
   843 843 843 843 843 843 843 843 843 843;
   849 849 849 849 849 849 849 849 849 849;
   855 855 855 855 855 855 855 855 855 855;
   861 861 861 861 861 861 861 861 861 861]);

